00000000010000110000100000100000
00000000000000000000000000000000
00000000000000000000000000000000
00000000000000000000000000000000
00100000101001000000000000000101
00000000000000000000000000000000
00000000000000000000000000000000
00000000000000000000000000000000
00000000111010000011000000100010
00000000000000000000000000000000
00000000000000000000000000000000
00000000000000000000000000000000
10001101010010010000000000000100
00000000000000000000000000000000
00000000000000000000000000000000
00000000000000000000000000000000
10101101100010110000000000000100
00000000000000000000000000000000
00000000000000000000000000000000
00000000000000000000000000000000
00010001101011100000000000000100
00000000000000000000000000000000
00000000000000000000000000000000
00000000000000000000000000000000
00000000010000110000100000100000
00000000000000000000000000000000
00000000000000000000000000000000
00000000000000000000000000000000
00000000000000000000000000000000
00000000000000000000000000000000
00000000000000000000000000000000
00000000000000000000000000000000
00000000000000000000000000000000
00000000000000000000000000000000

00100000000001010000000000001010
